10
5 16 5 8 19 9 8 1 5 8
16 10 19 7 7 5 15 4 7 18
5 19 1 7 1 20 12 15 9 2
8 7 7 14 11 18 13 5 11 14
19 7 1 11 0 15 10 17 0 8
9 5 20 18 15 0 11 20 10 7
8 15 12 13 10 11 8 14 20 20
1 4 15 5 17 20 14 12 0 8
5 7 9 11 0 10 20 0 5 7
8 18 2 14 8 7 20 8 7 15